08 11 12 13 22 33 47
07 12 16 19 21 24 47
09 16 17 19 22 41 43
09 15 17 28 35 39 41
01 02 05 06 38 39 46
10 13 15 18 25 36 47
02 03 08 20 28 31 34
03 06 37 40 42 44 48
02 14 15 17 24 38 40
05 07 10 15 22 45 47
09 19 21 24 39 43 48
08 18 21 27 33 46 49
03 10 19 21 27 35 36
04 06 21 26 30 34 35
02 07 15 38 43 44 47
02 09 12 13 27 28 36
02 12 15 18 21 22 25
05 19 24 34 35 38 43
05 09 12 18 24 35 42
03 17 19 20 34 35 43
14 16 17 36 45 46 48
05 12 15 39 44 46 49
02 03 08 11 15 39 42
02 06 10 16 36 39 43
01 08 17 18 21 32 49
11 18 26 31 35 43 46
02 05 07 13 15 30 38
01 03 06 08 14 20 30
03 12 25 30 42 44 45
08 27 30 32 34 35 42
18 19 32 36 38 40 43
05 13 18 28 31 38 44
07 15 24 25 27 43 47
02 03 05 18 37 38 46
04 07 08 10 16 20 36
05 06 08 13 24 37 46
03 08 11 20 28 36 38
01 23 26 33 35 38 42
13 16 22 26 35 36 39
09 16 17 27 32 38 47
06 09 16 19 20 24 30
01 02 05 10 11 25 34
07 09 24 30 35 42 43
01 03 16 33 34 40 42
01 06 10 16 18 21 31
05 10 11 20 26 38 46
04 06 07 16 18 40 46
12 17 32 36 43 44 49
12 16 24 29 36 40 47
03 05 17 30 36 47 49
02 05 10 11 23 25 31
03 11 16 24 31 39 43
12 13 16 30 32 35 37
05 07 29 35 39 41 49
06 15 18 19 25 44 46
03 09 24 25 28 36 40
09 16 24 30 39 40 45
01 03 14 33 35 39 45
19 30 33 34 36 41 48
08 15 16 21 31 37 39
01 02 04 21 23 35 40
03 04 05 07 31 33 40
23 24 34 40 41 48 49
01 06 07 16 22 31 33
