02 03 08 11 15 39 42
02 06 10 16 36 39 43
01 08 17 18 21 32 49
11 18 26 31 35 43 46
01 04 20 24 28 43 47 
02 04 18 27 28 31 45 
02 05 12 19 21 22 37 
04 07 11 13 41 43 49 
04 19 23 32 43 46 48 
05 15 21 26 34 39 47 
08 20 28 34 36 37 39
03 04 05 14 29 34 49 
10 17 18 21 27 30 47
01 02 11 15 25 36 46 
01 12 16 28 36 43 49 
03 04 14 19 24 41 48 
03 09 10 16 25 38 46 
09 11 17 25 34 41 49 
11 14 15 22 24 28 35 
11 16 17 20 37 41 48 
01 04 06 08 23 25 33 
01 28 30 37 43 45 47 
01 02 06 24 27 34 38 
01 03 18 20 41 42 44 
01 03 20 23 35 36 39 
01 04 06 10 23 41 49 
01 05 06 14 26 31 43 
01 05 11 14 27 31 40 
01 09 25 27 31 36 43 
01 13 14 26 31 37 39 
01 16 22 24 35 42 43 
01 18 27 38 45 47 48 
02 05 17 29 34 40 48 
02 06 08 19 21 23 34 
02 10 13 15 31 44 46 
02 15 21 38 41 44 45 
02 18 20 31 35 37 46 
03 04 06 08 09 33 48 
03 04 06 10 23 34 41 
03 07 10 13 19 28 33 
03 08 15 21 22 39 46 
03 11 18 19 35 36 44 
03 17 21 22 23 29 44 
03 22 25 37 38 41 48 
04 05 09 12 19 30 37 
04 06 12 16 18 38 41 
04 10 14 26 35 39 49 
04 11 12 28 31 33 35 
05 07 10 18 20 29 35 
05 14 15 26 30 39 47 
05 24 35 40 41 44 47 
06 08 12 14 18 36 49 
06 09 13 33 40 42 47 
06 12 16 30 31 37 45 
06 12 21 26 33 45 49 
06 16 33 39 41 46 47 
07 08 16 21 33 35 37 
07 13 20 23 35 41 44 
07 19 22 23 24 25 32 
08 09 20 28 33 43 44 
09 12 17 27 32 39 46 
10 11 13 15 16 29 42 
10 22 25 28 37 40 45 
10 23 26 37 39 40 45 
11 19 29 35 38 45 47 
11 20 33 34 35 36 39 
12 13 22 27 32 35 37 
12 14 17 18 23 33 38 
12 19 21 23 28 30 36 
13 14 16 32 33 41 46 
15 18 19 31 32 40 48 
01 02 05 07 20 29 31 
01 02 07 15 23 29 40 
01 04 12 24 45 48 49 
01 07 11 27 31 33 35 
01 10 16 26 31 33 36 
01 24 27 29 36 42 48 
02 03 06 14 20 40 41 
02 03 09 11 32 43 49 
02 04 05 11 16 20 46 
02 05 13 23 25 42 47 
02 07 17 25 29 42 46 
02 13 20 29 32 37 46 
02 19 27 29 36 40 43 
03 07 08 32 37 39 48 
03 08 17 29 33 37 49 
03 23 35 38 41 42 49 
04 06 11 12 21 29 37 
04 12 18 20 24 30 46 
04 13 19 34 35 45 47 
04 16 23 26 32 36 43 
05 07 26 28 29 38 46 
07 15 26 28 34 37 42 
08 11 16 28 29 37 46 
09 11 18 24 37 38 45 
10 12 16 22 23 39 42 
10 13 16 17 18 32 45 
10 19 21 26 36 45 47 
10 21 34 36 39 44 48 
12 16 18 24 26 42 43 
14 21 25 27 29 36 46 


























